SearchTime				StartTime				Query
false:0.0020000000ms	false:0.0000000000ms	92
true:0.0008000000ms		true:0.0000000000ms		102
true:0.0002000000ms		true:0.0000000000ms		4
true:0.0006000000ms		true:0.0000000000ms		12
false:0.0010000000ms	false:0.0000000000ms	7
